%YAML:1.0
---
image_width: 800
image_height: 600
camera_matrix: !!opencv-matrix
   rows: 3
   cols: 3
   dt: d
   data: [ 705.19572042, 0., 378.33347575,
           0., 708.78694896, 317.29407264,
           0., 0., 1. ]
distortion_coefficients: !!opencv-matrix
   rows: 1
   cols: 4
   dt: d
   data: [ -0.031296652, 0.13603686, -0.00087841, -0.00193789 ]