%YAML:1.0
---
image_width: 800
image_height: 600
camera_matrix: !!opencv-matrix
   rows: 3
   cols: 3
   dt: d
   data: [ 526.57355923, 0., 406.47388882,
           0., 528.44664575, 326.8478062,
           0., 0., 1. ]
distortion_coefficients: !!opencv-matrix
   rows: 1
   cols: 4
   dt: d
   data: [ -0.06234693, 0.01781367, -0.03929753, 0.02372816 ]
