%YAML:1.0
---
camera_matrix: !!opencv-matrix
   rows: 3
   cols: 3
   dt: d
   data: [ 6.5746697944293521e+002, 0., 3.1950000000000000e+002,
           0., 6.5746697944293521e+002, 2.3950000000000000e+002,
           0., 0., 1. ]
distortion_coefficients: !!opencv-matrix
   rows: 5
   cols: 1
   dt: d
   data: [ -4.1802327176423804e-001, 5.0715244063187526e-001,
           0., 0., -5.7843597214487474e-001 ]