%YAML:1.0
---
camera_matrix: !!opencv-matrix
   rows: 3
   cols: 3
   dt: d
   data: [ 702.98505978, 0., 410.59216242,
           0., 707.85400878, 314.08533992,
           0., 0., 1. ]
distortion_coefficients: !!opencv-matrix
   rows: 5
   cols: 1
   dt: d
   data: [ 0.10924855, -0.49592823, 1.743867, -0.55877081, 0. ]
