%YAML:1.0
---
image_width: 800
image_height: 600
camera_matrix: !!opencv-matrix
   rows: 3
   cols: 3
   dt: d
   data: [ 652.11534639, 0., 383.8270311,
           0., 651.82964769, 324.41129126,
           0., 0., 1. ]
distortion_coefficients: !!opencv-matrix
   rows: 1
   cols: 4
   dt: d
   data: [ 0.0393728, -0.03171534, 0.01425867, 0.11917502 ]