%YAML:1.0
---
image_width: 800
image_height: 600
camera_matrix: !!opencv-matrix
   rows: 3
   cols: 3
   dt: d
   data: [ 520.6915564, 0., 407.4383404,
           0., 522.96812446, 326.72542295,
           0., 0., 1. ]
distortion_coefficients: !!opencv-matrix
   rows: 1
   cols: 4
   dt: d
   data: [ -0.05293069, -0.0266987, 0.04951445, -0.02409679]
