%YAML:1.0
---
camera_matrix: !!opencv-matrix
   rows: 3
   cols: 3
   dt: d
   data: [ 8.0000000000000000e+02, 0., 4.0000000000000000e+02, 0.,
       8.0000000000000000e+02, 3.0000000000000000e+02, 0., 0., 1. ]
distortion_coefficients: !!opencv-matrix
   rows: 1
   cols: 5
   dt: d
   data: [ 1.0000000000000001e-01, -2.0000000000000001e-01, 0., 0., 0. ]